|0000|020|0|01082026|31082026|EMPRESA SINTETICA EFD ICMS IPI|99999999000199||SP|123456789|3550308|||A|1|
|0001|0|
|0005|EMPRESA SINTETICA|01001000|RUA SINTETICA|100||CENTRO|11999999999||fiscal@example.com|
|0150|PART001|FORNECEDOR SINTETICO 001|01058|99000000010001|||3550308||RUA SINTETICA|100||CENTRO|
|0150|PART002|FORNECEDOR SINTETICO 002|01058|99000000020001|||3550308||RUA SINTETICA|100||CENTRO|
|0150|PART003|FORNECEDOR SINTETICO 003|01058|99000000030001|||3550308||RUA SINTETICA|100||CENTRO|
|0150|PART004|FORNECEDOR SINTETICO 004|01058|99000000040001|||3550308||RUA SINTETICA|100||CENTRO|
|0150|PART005|FORNECEDOR SINTETICO 005|01058|99000000050001|||3550308||RUA SINTETICA|100||CENTRO|
|0150|PART006|FORNECEDOR SINTETICO 006|01058|99000000060001|||3550308||RUA SINTETICA|100||CENTRO|
|0150|PART007|FORNECEDOR SINTETICO 007|01058|99000000070001|||3550308||RUA SINTETICA|100||CENTRO|
|0150|PART008|FORNECEDOR SINTETICO 008|01058|99000000080001|||3550308||RUA SINTETICA|100||CENTRO|
|0150|PART009|FORNECEDOR SINTETICO 009|01058|99000000090001|||3550308||RUA SINTETICA|100||CENTRO|
|0150|PART010|FORNECEDOR SINTETICO 010|01058|99000000100001|||3550308||RUA SINTETICA|100||CENTRO|
|0150|PART011|FORNECEDOR SINTETICO 011|01058|99000000110001|||3550308||RUA SINTETICA|100||CENTRO|
|0150|PART012|FORNECEDOR SINTETICO 012|01058|99000000120001|||3550308||RUA SINTETICA|100||CENTRO|
|0150|PART013|FORNECEDOR SINTETICO 013|01058|99000000130001|||3550308||RUA SINTETICA|100||CENTRO|
|0150|PART014|FORNECEDOR SINTETICO 014|01058|99000000140001|||3550308||RUA SINTETICA|100||CENTRO|
|0150|PART015|FORNECEDOR SINTETICO 015|01058|99000000150001|||3550308||RUA SINTETICA|100||CENTRO|
|0150|PART016|CLIENTE SINTETICO 016|01058|99000000160001|||3550308||RUA SINTETICA|100||CENTRO|
|0150|PART017|CLIENTE SINTETICO 017|01058|99000000170001|||3550308||RUA SINTETICA|100||CENTRO|
|0150|PART018|CLIENTE SINTETICO 018|01058|99000000180001|||3550308||RUA SINTETICA|100||CENTRO|
|0150|PART019|CLIENTE SINTETICO 019|01058|99000000190001|||3550308||RUA SINTETICA|100||CENTRO|
|0150|PART020|CLIENTE SINTETICO 020|01058|99000000200001|||3550308||RUA SINTETICA|100||CENTRO|
|0150|PART021|CLIENTE SINTETICO 021|01058|99000000210001|||3550308||RUA SINTETICA|100||CENTRO|
|0150|PART022|CLIENTE SINTETICO 022|01058|99000000220001|||3550308||RUA SINTETICA|100||CENTRO|
|0150|PART023|CLIENTE SINTETICO 023|01058|99000000230001|||3550308||RUA SINTETICA|100||CENTRO|
|0150|PART024|CLIENTE SINTETICO 024|01058|99000000240001|||3550308||RUA SINTETICA|100||CENTRO|
|0150|PART025|CLIENTE SINTETICO 025|01058|99000000250001|||3550308||RUA SINTETICA|100||CENTRO|
|0150|PART026|CLIENTE SINTETICO 026|01058|99000000260001|||3550308||RUA SINTETICA|100||CENTRO|
|0150|PART027|CLIENTE SINTETICO 027|01058|99000000270001|||3550308||RUA SINTETICA|100||CENTRO|
|0150|PART028|CLIENTE SINTETICO 028|01058|99000000280001|||3550308||RUA SINTETICA|100||CENTRO|
|0150|PART029|CLIENTE SINTETICO 029|01058|99000000290001|||3550308||RUA SINTETICA|100||CENTRO|
|0150|PART030|CLIENTE SINTETICO 030|01058|99000000300001|||3550308||RUA SINTETICA|100||CENTRO|
|0150|PART-EXCLUSIVO-ICMS|PARTICIPANTE EXCLUSIVO EFD ICMS|01058|99888888000199|||3550308||RUA EXCLUSIVA|999||CENTRO|
|0990|35|
|C001|0|
|C100|1|1|PART009|55|00|1|20001|35260899000000090001553010000200011700200018|04082026|04082026|182,50|0|0,00|0,00|182,50|9|0,00|0,00|0,00|0,00|0,00|0,00|0,00|0,00|||||
|C190|000|5102|18,00|182,50|182,50|32,85|0,00|0,00|0,00|0,00||
|C100|1|0|PART010|55|00|1|20002|35260899000000100001553020000200021700200025|07082026|07082026|702,00|0|0,00|0,00|702,00|9|0,00|0,00|0,00|0,00|0,00|0,00|0,00|0,00|||||
|C190|000|5405|18,00|702,00|702,00|126,36|0,00|0,00|0,00|0,00||
|C100|1|1|PART011|55|00|1|20003|35260899000000110001553030000200031700200032|10082026|10082026|1561,50|0|0,00|0,00|1561,50|9|0,00|0,00|0,00|0,00|0,00|0,00|0,00|0,00|||||
|C190|000|6102|12,00|1561,50|1561,50|187,38|0,00|0,00|0,00|0,00||
|C100|1|0|PART012|55|00|1|20004|35260899000000120001553040000200041700200040|13082026|13082026|454,50|0|0,00|0,00|454,50|9|0,00|0,00|0,00|0,00|0,00|0,00|0,00|0,00|||||
|C190|000|5102|18,00|454,50|454,50|81,81|0,00|0,00|0,00|0,00||
|C100|0|1|PART013|55|00|1|20005|35260899000000130001553050000200051700200057|16082026|16082026|1248,00|0|0,00|0,00|1248,00|9|0,00|0,00|0,00|0,00|0,00|0,00|0,00|0,00|||||
|C190|000|1403|18,00|1248,00|1248,00|224,64|0,00|0,00|0,00|0,00||
|C100|1|0|PART014|55|00|1|20006|35260899000000140001553060000200061700200064|19082026|19082026|2380,50|0|0,00|0,00|2380,50|9|0,00|0,00|0,00|0,00|0,00|0,00|0,00|0,00|||||
|C190|000|6102|12,00|2380,50|2380,50|285,66|0,00|0,00|0,00|0,00||
|C100|1|1|PART015|55|00|1|20007|35260899000000150001553070000200071700200071|22082026|22082026|727,50|0|0,00|0,00|727,50|9|0,00|0,00|0,00|0,00|0,00|0,00|0,00|0,00|||||
|C190|000|5102|18,00|727,50|727,50|130,95|0,00|0,00|0,00|0,00||
|C100|1|0|PART016|55|00|1|20008|35260899000000160001553080000200081700200089|25082026|25082026|1794,00|0|0,00|0,00|1794,00|9|0,00|0,00|0,00|0,00|0,00|0,00|0,00|0,00|||||
|C190|000|5405|18,00|1794,00|1794,00|322,92|0,00|0,00|0,00|0,00||
|C100|1|1|PART017|55|00|1|20009|35260899000000170001553090000200091700200096|28082026|28082026|3199,50|0|0,00|0,00|3199,50|9|0,00|0,00|0,00|0,00|0,00|0,00|0,00|0,00|||||
|C190|000|6102|12,00|3199,50|3199,50|383,94|0,00|0,00|0,00|0,00||
|C100|0|0|PART018|55|00|1|20010|35260899000000180001553100000200101700200104|31082026|31082026|1000,50|0|0,00|0,00|1000,50|9|0,00|0,00|0,00|0,00|0,00|0,00|0,00|0,00|||||
|C190|000|1102|18,00|1000,50|1000,50|180,09|0,00|0,00|0,00|0,00||
|C100|1|1|PART019|55|00|1|20011|35260899000000190001553110000200111700200111|03082026|03082026|2340,00|0|0,00|0,00|2340,00|9|0,00|0,00|0,00|0,00|0,00|0,00|0,00|0,00|||||
|C190|000|5405|18,00|2340,00|2340,00|421,20|0,00|0,00|0,00|0,00||
|C100|1|0|PART020|55|00|1|20012|35260899000000200001553120000200121700200129|06082026|06082026|4018,50|0|0,00|0,00|4018,50|9|0,00|0,00|0,00|0,00|0,00|0,00|0,00|0,00|||||
|C190|000|6102|12,00|4018,50|4018,50|482,22|0,00|0,00|0,00|0,00||
|C100|1|1|PART021|55|00|1|20013|35260899000000210001553130000200131700200136|09082026|09082026|1273,50|0|0,00|0,00|1273,50|9|0,00|0,00|0,00|0,00|0,00|0,00|0,00|0,00|||||
|C190|000|5102|18,00|1273,50|1273,50|229,23|0,00|0,00|0,00|0,00||
|C100|1|0|PART022|55|00|1|20014|35260899000000220001553140000200141700200143|12082026|12082026|2886,00|0|0,00|0,00|2886,00|9|0,00|0,00|0,00|0,00|0,00|0,00|0,00|0,00|||||
|C190|000|5405|18,00|2886,00|2886,00|519,48|0,00|0,00|0,00|0,00||
|C100|0|1|PART023|55|00|1|20015|35260899000000230001553150000200151700200150|15082026|15082026|4837,50|0|0,00|0,00|4837,50|9|0,00|0,00|0,00|0,00|0,00|0,00|0,00|0,00|||||
|C190|000|2102|12,00|4837,50|4837,50|580,50|0,00|0,00|0,00|0,00||
|C100|1|0|PART024|55|00|1|20016|35260899000000240001553160000200161700200168|18082026|18082026|1546,50|0|0,00|0,00|1546,50|9|0,00|0,00|0,00|0,00|0,00|0,00|0,00|0,00|||||
|C190|000|5102|18,00|1546,50|1546,50|278,37|0,00|0,00|0,00|0,00||
|C100|1|1|PART025|55|00|1|20017|35260899000000250001553170000200171700200175|21082026|21082026|3432,00|0|0,00|0,00|3432,00|9|0,00|0,00|0,00|0,00|0,00|0,00|0,00|0,00|||||
|C190|000|5405|18,00|3432,00|3432,00|617,76|0,00|0,00|0,00|0,00||
|C100|1|0|PART026|55|00|1|20018|35260899000000260001553180000200181700200182|24082026|24082026|5656,50|0|0,00|0,00|5656,50|9|0,00|0,00|0,00|0,00|0,00|0,00|0,00|0,00|||||
|C190|000|6102|12,00|5656,50|5656,50|678,78|0,00|0,00|0,00|0,00||
|C100|1|1|PART027|55|00|1|20019|35260899000000270001553190000200191700200190|27082026|27082026|1819,50|0|0,00|0,00|1819,50|9|0,00|0,00|0,00|0,00|0,00|0,00|0,00|0,00|||||
|C190|000|5102|18,00|1819,50|1819,50|327,51|0,00|0,00|0,00|0,00||
|C100|0|0|PART028|55|00|1|20020|35260899000000280001553200000200201700200208|30082026|30082026|3978,00|0|0,00|0,00|3978,00|9|0,00|0,00|0,00|0,00|0,00|0,00|0,00|0,00|||||
|C190|000|1403|18,00|3978,00|3978,00|716,04|0,00|0,00|0,00|0,00||
|C100|1|1|PART029|55|00|1|20021|35260899000000290001553210000200211700200215|02082026|02082026|6475,50|0|0,00|0,00|6475,50|9|0,00|0,00|0,00|0,00|0,00|0,00|0,00|0,00|||||
|C190|000|6102|12,00|6475,50|6475,50|777,06|0,00|0,00|0,00|0,00||
|C100|1|0|PART030|55|00|1|20022|35260899000000300001553220000200221700200222|05082026|05082026|2092,50|0|0,00|0,00|2092,50|9|0,00|0,00|0,00|0,00|0,00|0,00|0,00|0,00|||||
|C190|000|5102|18,00|2092,50|2092,50|376,65|0,00|0,00|0,00|0,00||
|C100|1|1|PART001|55|00|1|20023|35260899000000010001553230000200231700200236|08082026|08082026|4524,00|0|0,00|0,00|4524,00|9|0,00|0,00|0,00|0,00|0,00|0,00|0,00|0,00|||||
|C190|000|5405|18,00|4524,00|4524,00|814,32|0,00|0,00|0,00|0,00||
|C100|1|0|PART002|55|00|1|20024|35260899000000020001553240000200241700200243|11082026|11082026|7294,50|0|0,00|0,00|7294,50|9|0,00|0,00|0,00|0,00|0,00|0,00|0,00|0,00|||||
|C190|000|6102|12,00|7294,50|7294,50|875,34|0,00|0,00|0,00|0,00||
|C100|0|1|PART003|55|00|1|20025|35260899000000030001553250000200251700200250|14082026|14082026|2365,50|0|0,00|0,00|2365,50|9|0,00|0,00|0,00|0,00|0,00|0,00|0,00|0,00|||||
|C190|000|1102|18,00|2365,50|2365,50|425,79|0,00|0,00|0,00|0,00||
|C100|1|0|PART004|55|00|1|20026|35260899000000040001553260000200261700200268|17082026|17082026|5070,00|0|0,00|0,00|5070,00|9|0,00|0,00|0,00|0,00|0,00|0,00|0,00|0,00|||||
|C190|000|5405|18,00|5070,00|5070,00|912,60|0,00|0,00|0,00|0,00||
|C100|1|1|PART005|55|00|1|20027|35260899000000050001553270000200271700200275|20082026|20082026|8113,50|0|0,00|0,00|8113,50|9|0,00|0,00|0,00|0,00|0,00|0,00|0,00|0,00|||||
|C190|000|6102|12,00|8113,50|8113,50|973,62|0,00|0,00|0,00|0,00||
|C100|1|0|PART006|55|00|1|20028|35260899000000060001553280000200281700200282|23082026|23082026|2638,50|0|0,00|0,00|2638,50|9|0,00|0,00|0,00|0,00|0,00|0,00|0,00|0,00|||||
|C190|000|5102|18,00|2638,50|2638,50|474,93|0,00|0,00|0,00|0,00||
|C100|1|1|PART007|55|00|1|20029|35260899000000070001553290000200291700200290|26082026|26082026|5616,00|0|0,00|0,00|5616,00|9|0,00|0,00|0,00|0,00|0,00|0,00|0,00|0,00|||||
|C190|000|5405|18,00|5616,00|5616,00|1010,88|0,00|0,00|0,00|0,00||
|C100|0|0|PART008|55|00|1|20030|35260899000000080001553300000200301700200308|29082026|29082026|8932,50|0|0,00|0,00|8932,50|9|0,00|0,00|0,00|0,00|0,00|0,00|0,00|0,00|||||
|C190|000|2102|12,00|8932,50|8932,50|1071,90|0,00|0,00|0,00|0,00||
|C100|1|1|PART009|55|00|1|20031|35260899000000090001553310000200311700200315|01082026|01082026|2911,50|0|0,00|0,00|2911,50|9|0,00|0,00|0,00|0,00|0,00|0,00|0,00|0,00|||||
|C190|000|5102|18,00|2911,50|2911,50|524,07|0,00|0,00|0,00|0,00||
|C100|1|0|PART010|55|00|1|20032|35260899000000100001553320000200321700200322|04082026|04082026|6162,00|0|0,00|0,00|6162,00|9|0,00|0,00|0,00|0,00|0,00|0,00|0,00|0,00|||||
|C190|000|5405|18,00|6162,00|6162,00|1109,16|0,00|0,00|0,00|0,00||
|C100|1|1|PART011|55|00|1|20033|35260899000000110001553330000200331700200330|07082026|07082026|9751,50|0|0,00|0,00|9751,50|9|0,00|0,00|0,00|0,00|0,00|0,00|0,00|0,00|||||
|C190|000|6102|12,00|9751,50|9751,50|1170,18|0,00|0,00|0,00|0,00||
|C100|1|0|PART012|55|00|1|20034|35260899000000120001553340000200341700200347|10082026|10082026|3184,50|0|0,00|0,00|3184,50|9|0,00|0,00|0,00|0,00|0,00|0,00|0,00|0,00|||||
|C190|000|5102|18,00|3184,50|3184,50|573,21|0,00|0,00|0,00|0,00||
|C100|0|1|PART013|55|00|1|20035|35260899000000130001553350000200351700200354|13082026|13082026|6708,00|0|0,00|0,00|6708,00|9|0,00|0,00|0,00|0,00|0,00|0,00|0,00|0,00|||||
|C190|000|1403|18,00|6708,00|6708,00|1207,44|0,00|0,00|0,00|0,00||
|C100|1|0|PART014|55|00|1|20036|35260899000000140001553360000200361700200361|16082026|16082026|10570,50|0|0,00|0,00|10570,50|9|0,00|0,00|0,00|0,00|0,00|0,00|0,00|0,00|||||
|C190|000|6102|12,00|10570,50|10570,50|1268,46|0,00|0,00|0,00|0,00||
|C100|1|1|PART015|55|00|1|20037|35260899000000150001553370000200371700200379|19082026|19082026|3457,50|0|0,00|0,00|3457,50|9|0,00|0,00|0,00|0,00|0,00|0,00|0,00|0,00|||||
|C190|000|5102|18,00|3457,50|3457,50|622,35|0,00|0,00|0,00|0,00||
|C100|1|0|PART016|55|00|1|20038|35260899000000160001553380000200381700200386|22082026|22082026|7254,00|0|0,00|0,00|7254,00|9|0,00|0,00|0,00|0,00|0,00|0,00|0,00|0,00|||||
|C190|000|5405|18,00|7254,00|7254,00|1305,72|0,00|0,00|0,00|0,00||
|C100|1|1|PART017|55|00|1|20039|35260899000000170001553390000200391700200393|25082026|25082026|11389,50|0|0,00|0,00|11389,50|9|0,00|0,00|0,00|0,00|0,00|0,00|0,00|0,00|||||
|C190|000|6102|12,00|11389,50|11389,50|1366,74|0,00|0,00|0,00|0,00||
|C100|0|0|PART018|55|00|1|20040|35260899000000180001553400000200401700200401|28082026|28082026|3730,50|0|0,00|0,00|3730,50|9|0,00|0,00|0,00|0,00|0,00|0,00|0,00|0,00|||||
|C190|000|1102|18,00|3730,50|3730,50|671,49|0,00|0,00|0,00|0,00||
|C100|1|1|PART019|55|00|1|20041|35260899000000190001553410000200411700200419|31082026|31082026|7800,00|0|0,00|0,00|7800,00|9|0,00|0,00|0,00|0,00|0,00|0,00|0,00|0,00|||||
|C190|000|5405|18,00|7800,00|7800,00|1404,00|0,00|0,00|0,00|0,00||
|C100|1|0|PART020|55|00|1|20042|35260899000000200001553420000200421700200426|03082026|03082026|12208,50|0|0,00|0,00|12208,50|9|0,00|0,00|0,00|0,00|0,00|0,00|0,00|0,00|||||
|C190|000|6102|12,00|12208,50|12208,50|1465,02|0,00|0,00|0,00|0,00||
|C100|1|1|PART021|55|00|1|20043|35260899000000210001553430000200431700200433|06082026|06082026|4003,50|0|0,00|0,00|4003,50|9|0,00|0,00|0,00|0,00|0,00|0,00|0,00|0,00|||||
|C190|000|5102|18,00|4003,50|4003,50|720,63|0,00|0,00|0,00|0,00||
|C100|1|0|PART022|55|00|1|20044|35260899000000220001553440000200441700200440|09082026|09082026|8346,00|0|0,00|0,00|8346,00|9|0,00|0,00|0,00|0,00|0,00|0,00|0,00|0,00|||||
|C190|000|5405|18,00|8346,00|8346,00|1502,28|0,00|0,00|0,00|0,00||
|C100|0|1|PART023|55|00|1|20045|35260899000000230001553450000200451700200458|12082026|12082026|13027,50|0|0,00|0,00|13027,50|9|0,00|0,00|0,00|0,00|0,00|0,00|0,00|0,00|||||
|C190|000|2102|12,00|13027,50|13027,50|1563,30|0,00|0,00|0,00|0,00||
|C100|1|0|PART024|55|00|1|20046|35260899000000240001553460000200461700200465|15082026|15082026|4276,50|0|0,00|0,00|4276,50|9|0,00|0,00|0,00|0,00|0,00|0,00|0,00|0,00|||||
|C190|000|5102|18,00|4276,50|4276,50|769,77|0,00|0,00|0,00|0,00||
|C100|1|1|PART025|55|00|1|20047|35260899000000250001553470000200471700200472|18082026|18082026|8892,00|0|0,00|0,00|8892,00|9|0,00|0,00|0,00|0,00|0,00|0,00|0,00|0,00|||||
|C190|000|5405|18,00|8892,00|8892,00|1600,56|0,00|0,00|0,00|0,00||
|C100|1|0|PART026|55|00|1|20048|35260899000000260001553480000200481700200480|21082026|21082026|13846,50|0|0,00|0,00|13846,50|9|0,00|0,00|0,00|0,00|0,00|0,00|0,00|0,00|||||
|C190|000|6102|12,00|13846,50|13846,50|1661,58|0,00|0,00|0,00|0,00||
|C100|1|1|PART027|55|00|1|20049|35260899000000270001553490000200491700200497|24082026|24082026|4549,50|0|0,00|0,00|4549,50|9|0,00|0,00|0,00|0,00|0,00|0,00|0,00|0,00|||||
|C190|000|5102|18,00|4549,50|4549,50|818,91|0,00|0,00|0,00|0,00||
|C100|0|0|PART028|55|00|1|20050|35260899000000280001553500000200501700200505|27082026|27082026|9438,00|0|0,00|0,00|9438,00|9|0,00|0,00|0,00|0,00|0,00|0,00|0,00|0,00|||||
|C190|000|1403|18,00|9438,00|9438,00|1698,84|0,00|0,00|0,00|0,00||
|C100|1|1|PART029|55|00|1|20051|35260899000000290001553510000200511700200512|30082026|30082026|9865,50|0|0,00|0,00|9865,50|9|0,00|0,00|0,00|0,00|0,00|0,00|0,00|0,00|||||
|C190|000|6102|12,00|9865,50|9865,50|1183,86|0,00|0,00|0,00|0,00||
|C100|1|0|PART030|55|00|1|20052|35260899000000300001553520000200521700200520|02082026|02082026|4822,50|0|0,00|0,00|4822,50|9|0,00|0,00|0,00|0,00|0,00|0,00|0,00|0,00|||||
|C190|000|5102|18,00|4822,50|4822,50|868,05|0,00|0,00|0,00|0,00||
|C100|1|1|PART001|55|00|1|20053|35260899000000010001553530000200531700200533|05082026|05082026|384,00|0|0,00|0,00|384,00|9|0,00|0,00|0,00|0,00|0,00|0,00|0,00|0,00|||||
|C190|000|5405|18,00|384,00|384,00|69,12|0,00|0,00|0,00|0,00||
|C100|1|0|PART002|55|00|1|20054|35260899000000020001553540000200541700200540|08082026|08082026|1084,50|0|0,00|0,00|1084,50|9|0,00|0,00|0,00|0,00|0,00|0,00|0,00|0,00|||||
|C190|000|6102|12,00|1084,50|1084,50|130,14|0,00|0,00|0,00|0,00||
|C100|0|1|PART003|55|00|1|20055|35260899000000030001553550000200551700200558|11082026|11082026|295,50|0|0,00|0,00|295,50|9|0,00|0,00|0,00|0,00|0,00|0,00|0,00|0,00|||||
|C190|000|1102|18,00|295,50|295,50|53,19|0,00|0,00|0,00|0,00||
|C100|1|0|PART004|55|00|1|20056|35260899000000040001553560000200561700200565|14082026|14082026|930,00|0|0,00|0,00|930,00|9|0,00|0,00|0,00|0,00|0,00|0,00|0,00|0,00|||||
|C190|000|5405|18,00|930,00|930,00|167,40|0,00|0,00|0,00|0,00||
|C100|1|1|PART005|55|00|1|20057|35260899000000050001553570000200571700200572|17082026|17082026|1903,50|0|0,00|0,00|1903,50|9|0,00|0,00|0,00|0,00|0,00|0,00|0,00|0,00|||||
|C190|000|6102|12,00|1903,50|1903,50|228,42|0,00|0,00|0,00|0,00||
|C100|1|0|PART006|55|00|1|20058|35260899000000060001553580000200581700200580|20082026|20082026|568,50|0|0,00|0,00|568,50|9|0,00|0,00|0,00|0,00|0,00|0,00|0,00|0,00|||||
|C190|000|5102|18,00|568,50|568,50|102,33|0,00|0,00|0,00|0,00||
|C100|1|1|PART007|55|00|1|20059|35260899000000070001553590000200591700200597|23082026|23082026|1476,00|0|0,00|0,00|1476,00|9|0,00|0,00|0,00|0,00|0,00|0,00|0,00|0,00|||||
|C190|000|5405|18,00|1476,00|1476,00|265,68|0,00|0,00|0,00|0,00||
|C100|0|0|PART008|55|00|1|20060|35260899000000080001553600000200601700200605|26082026|26082026|2722,50|0|0,00|0,00|2722,50|9|0,00|0,00|0,00|0,00|0,00|0,00|0,00|0,00|||||
|C190|000|2102|12,00|2722,50|2722,50|326,70|0,00|0,00|0,00|0,00||
|C100|1|1|PART009|55|00|1|20061|35260899000000090001553610000200611700200612|29082026|29082026|841,50|0|0,00|0,00|841,50|9|0,00|0,00|0,00|0,00|0,00|0,00|0,00|0,00|||||
|C190|000|5102|18,00|841,50|841,50|151,47|0,00|0,00|0,00|0,00||
|C100|1|0|PART010|55|00|1|20062|35260899000000100001553620000200621700200620|01082026|01082026|2022,00|0|0,00|0,00|2022,00|9|0,00|0,00|0,00|0,00|0,00|0,00|0,00|0,00|||||
|C190|000|5405|18,00|2022,00|2022,00|363,96|0,00|0,00|0,00|0,00||
|C100|1|1|PART011|55|00|1|20063|35260899000000110001553630000200631700200637|04082026|04082026|3541,50|0|0,00|0,00|3541,50|9|0,00|0,00|0,00|0,00|0,00|0,00|0,00|0,00|||||
|C190|000|6102|12,00|3541,50|3541,50|424,98|0,00|0,00|0,00|0,00||
|C100|1|0|PART012|55|00|1|20064|35260899000000120001553640000200641700200644|07082026|07082026|1114,50|0|0,00|0,00|1114,50|9|0,00|0,00|0,00|0,00|0,00|0,00|0,00|0,00|||||
|C190|000|5102|18,00|1114,50|1114,50|200,61|0,00|0,00|0,00|0,00||
|C100|0|1|PART013|55|00|1|20065|35260899000000130001553650000200651700200651|10082026|10082026|2568,00|0|0,00|0,00|2568,00|9|0,00|0,00|0,00|0,00|0,00|0,00|0,00|0,00|||||
|C190|000|1403|18,00|2568,00|2568,00|462,24|0,00|0,00|0,00|0,00||
|C100|1|0|PART014|55|00|1|20066|35260899000000140001553660000200661700200669|13082026|13082026|4360,50|0|0,00|0,00|4360,50|9|0,00|0,00|0,00|0,00|0,00|0,00|0,00|0,00|||||
|C190|000|6102|12,00|4360,50|4360,50|523,26|0,00|0,00|0,00|0,00||
|C100|1|1|PART015|55|00|1|20067|35260899000000150001553670000200671700200676|16082026|16082026|1387,50|0|0,00|0,00|1387,50|9|0,00|0,00|0,00|0,00|0,00|0,00|0,00|0,00|||||
|C190|000|5102|18,00|1387,50|1387,50|249,75|0,00|0,00|0,00|0,00||
|C100|1|0|PART016|55|00|1|20068|35260899000000160001553680000200681700200683|19082026|19082026|3114,00|0|0,00|0,00|3114,00|9|0,00|0,00|0,00|0,00|0,00|0,00|0,00|0,00|||||
|C190|000|5405|18,00|3114,00|3114,00|560,52|0,00|0,00|0,00|0,00||
|C100|1|1|PART017|55|00|1|20069|35260899000000170001553690000200691700200690|22082026|22082026|5179,50|0|0,00|0,00|5179,50|9|0,00|0,00|0,00|0,00|0,00|0,00|0,00|0,00|||||
|C190|000|6102|12,00|5179,50|5179,50|621,54|0,00|0,00|0,00|0,00||
|C100|0|0|PART018|55|00|1|20070|35260899000000180001553700000200701700200709|25082026|25082026|1660,50|0|0,00|0,00|1660,50|9|0,00|0,00|0,00|0,00|0,00|0,00|0,00|0,00|||||
|C190|000|1102|18,00|1660,50|1660,50|298,89|0,00|0,00|0,00|0,00||
|C100|1|1|PART019|55|00|1|20071|35260899000000190001553710000200711700200716|28082026|28082026|3660,00|0|0,00|0,00|3660,00|9|0,00|0,00|0,00|0,00|0,00|0,00|0,00|0,00|||||
|C190|000|5405|18,00|3660,00|3660,00|658,80|0,00|0,00|0,00|0,00||
|C100|1|0|PART020|55|00|1|20072|35260899000000200001553720000200721700200723|31082026|31082026|5998,50|0|0,00|0,00|5998,50|9|0,00|0,00|0,00|0,00|0,00|0,00|0,00|0,00|||||
|C190|000|6102|12,00|5998,50|5998,50|719,82|0,00|0,00|0,00|0,00||
|C100|1|1|PART021|55|00|1|20073|35260899000000210001553730000200731700200730|03082026|03082026|1933,50|0|0,00|0,00|1933,50|9|0,00|0,00|0,00|0,00|0,00|0,00|0,00|0,00|||||
|C190|000|5102|18,00|1933,50|1933,50|348,03|0,00|0,00|0,00|0,00||
|C100|1|0|PART022|55|00|1|20074|35260899000000220001553740000200741700200748|06082026|06082026|4206,00|0|0,00|0,00|4206,00|9|0,00|0,00|0,00|0,00|0,00|0,00|0,00|0,00|||||
|C190|000|5405|18,00|4206,00|4206,00|757,08|0,00|0,00|0,00|0,00||
|C100|0|1|PART023|55|00|1|20075|35260899000000230001553750000200751700200755|09082026|09082026|6817,50|0|0,00|0,00|6817,50|9|0,00|0,00|0,00|0,00|0,00|0,00|0,00|0,00|||||
|C190|000|2102|12,00|6817,50|6817,50|818,10|0,00|0,00|0,00|0,00||
|C100|1|0|PART024|55|00|1|20076|35260899000000240001553760000200761700200762|12082026|12082026|2206,50|0|0,00|0,00|2206,50|9|0,00|0,00|0,00|0,00|0,00|0,00|0,00|0,00|||||
|C190|000|5102|18,00|2206,50|2206,50|397,17|0,00|0,00|0,00|0,00||
|C100|1|1|PART025|55|00|1|20077|35260899000000250001553770000200771700200770|15082026|15082026|4752,00|0|0,00|0,00|4752,00|9|0,00|0,00|0,00|0,00|0,00|0,00|0,00|0,00|||||
|C190|000|5405|18,00|4752,00|4752,00|855,36|0,00|0,00|0,00|0,00||
|C100|1|0|PART026|55|00|1|20078|35260899000000260001553780000200781700200787|18082026|18082026|7636,50|0|0,00|0,00|7636,50|9|0,00|0,00|0,00|0,00|0,00|0,00|0,00|0,00|||||
|C190|000|6102|12,00|7636,50|7636,50|916,38|0,00|0,00|0,00|0,00||
|C100|1|1|PART027|55|00|1|20079|35260899000000270001553790000200791700200794|21082026|21082026|2479,50|0|0,00|0,00|2479,50|9|0,00|0,00|0,00|0,00|0,00|0,00|0,00|0,00|||||
|C190|000|5102|18,00|2479,50|2479,50|446,31|0,00|0,00|0,00|0,00||
|C100|0|0|PART028|55|00|1|20080|35260899000000280001553800000200801700200802|24082026|24082026|5298,00|0|0,00|0,00|5298,00|9|0,00|0,00|0,00|0,00|0,00|0,00|0,00|0,00|||||
|C190|000|1403|18,00|5298,00|5298,00|953,64|0,00|0,00|0,00|0,00||
|C100|1|1|PART029|55|00|1|20081|35260899000000290001553810000200811700200810|27082026|27082026|8455,50|0|0,00|0,00|8455,50|9|0,00|0,00|0,00|0,00|0,00|0,00|0,00|0,00|||||
|C190|000|6102|12,00|8455,50|8455,50|1014,66|0,00|0,00|0,00|0,00||
|C100|1|0|PART030|55|00|1|20082|35260899000000300001553820000200821700200827|30082026|30082026|2752,50|0|0,00|0,00|2752,50|9|0,00|0,00|0,00|0,00|0,00|0,00|0,00|0,00|||||
|C190|000|5102|18,00|2752,50|2752,50|495,45|0,00|0,00|0,00|0,00||
|C100|1|1|PART001|55|00|1|20083|35260899000000010001553830000200831700200830|02082026|02082026|5844,00|0|0,00|0,00|5844,00|9|0,00|0,00|0,00|0,00|0,00|0,00|0,00|0,00|||||
|C190|000|5405|18,00|5844,00|5844,00|1051,92|0,00|0,00|0,00|0,00||
|C100|1|0|PART002|55|00|1|20084|35260899000000020001553840000200841700200848|05082026|05082026|9274,50|0|0,00|0,00|9274,50|9|0,00|0,00|0,00|0,00|0,00|0,00|0,00|0,00|||||
|C190|000|6102|12,00|9274,50|9274,50|1112,94|0,00|0,00|0,00|0,00||
|C100|0|1|PART003|55|00|1|20085|35260899000000030001553850000200851700200855|08082026|08082026|3025,50|0|0,00|0,00|3025,50|9|0,00|0,00|0,00|0,00|0,00|0,00|0,00|0,00|||||
|C190|000|1102|18,00|3025,50|3025,50|544,59|0,00|0,00|0,00|0,00||
|C100|1|0|PART004|55|00|1|20086|35260899000000040001553860000200861700200862|11082026|11082026|6390,00|0|0,00|0,00|6390,00|9|0,00|0,00|0,00|0,00|0,00|0,00|0,00|0,00|||||
|C190|000|5405|18,00|6390,00|6390,00|1150,20|0,00|0,00|0,00|0,00||
|C100|1|1|PART005|55|00|1|20087|35260899000000050001553870000200871700200870|14082026|14082026|10093,50|0|0,00|0,00|10093,50|9|0,00|0,00|0,00|0,00|0,00|0,00|0,00|0,00|||||
|C190|000|6102|12,00|10093,50|10093,50|1211,22|0,00|0,00|0,00|0,00||
|C100|1|0|PART006|55|00|1|20088|35260899000000060001553880000200881700200887|17082026|17082026|3298,50|0|0,00|0,00|3298,50|9|0,00|0,00|0,00|0,00|0,00|0,00|0,00|0,00|||||
|C190|000|5102|18,00|3298,50|3298,50|593,73|0,00|0,00|0,00|0,00||
|C100|1|1|PART007|55|00|1|20089|35260899000000070001553890000200891700200894|20082026|20082026|6936,00|0|0,00|0,00|6936,00|9|0,00|0,00|0,00|0,00|0,00|0,00|0,00|0,00|||||
|C190|000|5405|18,00|6936,00|6936,00|1248,48|0,00|0,00|0,00|0,00||
|C100|0|0|PART008|55|00|1|20090|35260899000000080001553900000200901700200902|23082026|23082026|10912,50|0|0,00|0,00|10912,50|9|0,00|0,00|0,00|0,00|0,00|0,00|0,00|0,00|||||
|C190|000|2102|12,00|10912,50|10912,50|1309,50|0,00|0,00|0,00|0,00||
|C100|1|1|PART009|55|00|1|20091|35260899000000090001553910000200911700200910|26082026|26082026|3571,50|0|0,00|0,00|3571,50|9|0,00|0,00|0,00|0,00|0,00|0,00|0,00|0,00|||||
|C190|000|5102|18,00|3571,50|3571,50|642,87|0,00|0,00|0,00|0,00||
|C100|1|0|PART010|55|00|1|20092|35260899000000100001553920000200921700200927|29082026|29082026|7482,00|0|0,00|0,00|7482,00|9|0,00|0,00|0,00|0,00|0,00|0,00|0,00|0,00|||||
|C190|000|5405|18,00|7482,00|7482,00|1346,76|0,00|0,00|0,00|0,00||
|C100|1|1|PART011|55|00|1|20093|35260899000000110001553930000200931700200934|01082026|01082026|11731,50|0|0,00|0,00|11731,50|9|0,00|0,00|0,00|0,00|0,00|0,00|0,00|0,00|||||
|C190|000|6102|12,00|11731,50|11731,50|1407,78|0,00|0,00|0,00|0,00||
|C100|1|0|PART012|55|00|1|20094|35260899000000120001553940000200941700200941|04082026|04082026|3844,50|0|0,00|0,00|3844,50|9|0,00|0,00|0,00|0,00|0,00|0,00|0,00|0,00|||||
|C190|000|5102|18,00|3844,50|3844,50|692,01|0,00|0,00|0,00|0,00||
|C100|0|1|PART013|55|00|1|20095|35260899000000130001553950000200951700200959|07082026|07082026|8028,00|0|0,00|0,00|8028,00|9|0,00|0,00|0,00|0,00|0,00|0,00|0,00|0,00|||||
|C190|000|1403|18,00|8028,00|8028,00|1445,04|0,00|0,00|0,00|0,00||
|C100|1|0|PART014|55|00|1|20096|35260899000000140001553960000200961700200966|10082026|10082026|12550,50|0|0,00|0,00|12550,50|9|0,00|0,00|0,00|0,00|0,00|0,00|0,00|0,00|||||
|C190|000|6102|12,00|12550,50|12550,50|1506,06|0,00|0,00|0,00|0,00||
|C100|1|1|PART015|55|00|1|20097|35260899000000150001553970000200971700200973|13082026|13082026|4117,50|0|0,00|0,00|4117,50|9|0,00|0,00|0,00|0,00|0,00|0,00|0,00|0,00|||||
|C190|000|5102|18,00|4117,50|4117,50|741,15|0,00|0,00|0,00|0,00||
|C100|1|0|PART016|55|00|1|20098|35260899000000160001553980000200981700200980|16082026|16082026|8574,00|0|0,00|0,00|8574,00|9|0,00|0,00|0,00|0,00|0,00|0,00|0,00|0,00|||||
|C190|000|5405|18,00|8574,00|8574,00|1543,32|0,00|0,00|0,00|0,00||
|C100|1|1|PART017|55|00|1|20099|35260899000000170001553990000200991700200998|19082026|19082026|13369,50|0|0,00|0,00|13369,50|9|0,00|0,00|0,00|0,00|0,00|0,00|0,00|0,00|||||
|C190|000|6102|12,00|13369,50|13369,50|1604,34|0,00|0,00|0,00|0,00||
|C100|0|0|PART018|55|00|1|20100|35260899000000180001554000000201001700201001|22082026|22082026|4390,50|0|0,00|0,00|4390,50|9|0,00|0,00|0,00|0,00|0,00|0,00|0,00|0,00|||||
|C190|000|1102|18,00|4390,50|4390,50|790,29|0,00|0,00|0,00|0,00||
|C100|1|1|PART019|55|00|1|20101|35260899000000190001554010000201011700201019|25082026|25082026|9120,00|0|0,00|0,00|9120,00|9|0,00|0,00|0,00|0,00|0,00|0,00|0,00|0,00|||||
|C190|000|5405|18,00|9120,00|9120,00|1641,60|0,00|0,00|0,00|0,00||
|C100|1|0|PART020|55|00|1|20102|35260899000000200001554020000201021700201026|28082026|28082026|14188,50|0|0,00|0,00|14188,50|9|0,00|0,00|0,00|0,00|0,00|0,00|0,00|0,00|||||
|C190|000|6102|12,00|14188,50|14188,50|1702,62|0,00|0,00|0,00|0,00||
|C100|1|1|PART021|55|00|1|20103|35260899000000210001554030000201031700201033|31082026|31082026|4663,50|0|0,00|0,00|4663,50|9|0,00|0,00|0,00|0,00|0,00|0,00|0,00|0,00|||||
|C190|000|5102|18,00|4663,50|4663,50|839,43|0,00|0,00|0,00|0,00||
|C100|1|0|PART022|55|00|1|20104|35260899000000220001554040000201041700201040|03082026|03082026|4866,00|0|0,00|0,00|4866,00|9|0,00|0,00|0,00|0,00|0,00|0,00|0,00|0,00|||||
|C190|000|5405|18,00|4866,00|4866,00|875,88|0,00|0,00|0,00|0,00||
|C100|0|1|PART023|55|00|1|20105|35260899000000230001554050000201051700201058|06082026|06082026|5407,50|0|0,00|0,00|5407,50|9|0,00|0,00|0,00|0,00|0,00|0,00|0,00|0,00|||||
|C190|000|2102|12,00|5407,50|5407,50|648,90|0,00|0,00|0,00|0,00||
|C100|1|0|PART024|55|00|1|20106|35260899000000240001554060000201061700201065|09082026|09082026|136,50|0|0,00|0,00|136,50|9|0,00|0,00|0,00|0,00|0,00|0,00|0,00|0,00|||||
|C190|000|5102|18,00|136,50|136,50|24,57|0,00|0,00|0,00|0,00||
|C100|1|1|PART025|55|00|1|20107|35260899000000250001554070000201071700201072|12082026|12082026|612,00|0|0,00|0,00|612,00|9|0,00|0,00|0,00|0,00|0,00|0,00|0,00|0,00|||||
|C190|000|5405|18,00|612,00|612,00|110,16|0,00|0,00|0,00|0,00||
|C100|1|0|PART026|55|00|1|20108|35260899000000260001554080000201081700201080|15082026|15082026|1426,50|0|0,00|0,00|1426,50|9|0,00|0,00|0,00|0,00|0,00|0,00|0,00|0,00|||||
|C190|000|6102|12,00|1426,50|1426,50|171,18|0,00|0,00|0,00|0,00||
|C100|1|1|PART027|55|00|1|20109|35260899000000270001554090000201091700201097|18082026|18082026|409,50|0|0,00|0,00|409,50|9|0,00|0,00|0,00|0,00|0,00|0,00|0,00|0,00|||||
|C190|000|5102|18,00|409,50|409,50|73,71|0,00|0,00|0,00|0,00||
|C100|0|0|PART028|55|00|1|20110|35260899000000280001554100000201101700201105|21082026|21082026|1158,00|0|0,00|0,00|1158,00|9|0,00|0,00|0,00|0,00|0,00|0,00|0,00|0,00|||||
|C190|000|1403|18,00|1158,00|1158,00|208,44|0,00|0,00|0,00|0,00||
|C100|1|1|PART029|55|00|1|20111|35260899000000290001554110000201111700201112|24082026|24082026|2245,50|0|0,00|0,00|2245,50|9|0,00|0,00|0,00|0,00|0,00|0,00|0,00|0,00|||||
|C190|000|6102|12,00|2245,50|2245,50|269,46|0,00|0,00|0,00|0,00||
|C100|1|0|PART030|55|00|1|20112|35260899000000300001554120000201121700201120|27082026|27082026|682,50|0|0,00|0,00|682,50|9|0,00|0,00|0,00|0,00|0,00|0,00|0,00|0,00|||||
|C190|000|5102|18,00|682,50|682,50|122,85|0,00|0,00|0,00|0,00||
|C100|1|1|PART001|55|00|1|20113|35260899000000010001554130000201131700201133|30082026|30082026|1704,00|0|0,00|0,00|1704,00|9|0,00|0,00|0,00|0,00|0,00|0,00|0,00|0,00|||||
|C190|000|5405|18,00|1704,00|1704,00|306,72|0,00|0,00|0,00|0,00||
|C100|1|0|PART002|55|00|1|20114|35260899000000020001554140000201141700201140|02082026|02082026|3064,50|0|0,00|0,00|3064,50|9|0,00|0,00|0,00|0,00|0,00|0,00|0,00|0,00|||||
|C190|000|6102|12,00|3064,50|3064,50|367,74|0,00|0,00|0,00|0,00||
|C100|0|1|PART003|55|00|1|20115|35260899000000030001554150000201151700201158|05082026|05082026|955,50|0|0,00|0,00|955,50|9|0,00|0,00|0,00|0,00|0,00|0,00|0,00|0,00|||||
|C190|000|1102|18,00|955,50|955,50|171,99|0,00|0,00|0,00|0,00||
|C100|1|0|PART004|55|00|1|20116|35260899000000040001554160000201161700201165|08082026|08082026|2250,00|0|0,00|0,00|2250,00|9|0,00|0,00|0,00|0,00|0,00|0,00|0,00|0,00|||||
|C190|000|5405|18,00|2250,00|2250,00|405,00|0,00|0,00|0,00|0,00||
|C100|1|1|PART005|55|00|1|20117|35260899000000050001554170000201171700201172|11082026|11082026|3883,50|0|0,00|0,00|3883,50|9|0,00|0,00|0,00|0,00|0,00|0,00|0,00|0,00|||||
|C190|000|6102|12,00|3883,50|3883,50|466,02|0,00|0,00|0,00|0,00||
|C100|1|0|PART006|55|00|1|20118|35260899000000060001554180000201181700201180|14082026|14082026|1228,50|0|0,00|0,00|1228,50|9|0,00|0,00|0,00|0,00|0,00|0,00|0,00|0,00|||||
|C190|000|5102|18,00|1228,50|1228,50|221,13|0,00|0,00|0,00|0,00||
|C100|1|0|PART-EXCLUSIVO-ICMS|55|00|1|999999|35260899999999000199550010009999991123456784|31082026|31082026|999,99|0|0,00|0,00|999,99|9|0,00|0,00|0,00|0,00|0,00|0,00|0,00|0,00|0,00|0,00|0,00|0,00|
|C190|000|5102|18,00|999,99|999,99|180,00|0,00|0,00|0,00|0,00||
|C990|240|
|9001|0|
|9900|0000|1|
|9900|0001|1|
|9900|0005|1|
|9900|0150|31|
|9900|0990|1|
|9900|C001|1|
|9900|C100|119|
|9900|C190|119|
|9900|C990|1|
|9900|9001|1|
|9900|9900|13|
|9900|9990|1|
|9900|9999|1|
|9990|15|
|9999|291|
